1
2
3,94
4
5
6
7,90
8
9
10
11
12
13
14
15
16,78
17
18
19,72
20
21
22
23
24
25,64
26
27
28,58
29
30
31
32
33
34
35
36
37
47,38
39
40
41
101,134
43
44
45,46
48
47
0
49
50
51
52
53
54
55
56
57
58,61
59
182
28,61
62
63
64,66
168
25,66
67
68
69
70
71
72,75
73
167
19,75
76
77
78,81
79
166
16,81
82
83
84
85
86
87
88
89
90,92
189
7,92
93
94,97
95
150
3,97
98
99
100
39,48
102
103
104
105
106,148,151
107
108
109
110,188,190
111
112
113
114
115
116,199,214
117
118
119,163,165
120
121,183,196
122
123
124
125
126
127,140
128
129
130
131
132
42,101
42,134
135
136
137
138
139
140,155
141
142
143
106,144,148
145
146
147
133
149
96
106,144,151
152
153
154
127,155
156
157
158
159
160
161,183,196
162
163,165,169
164
74
65
116,172,198
119,165,169
119,163,169
170
171
172,199,214
173
174
175
176
177
178,188,190
179
180
181
144,148,151
121,161,183
184
185
206,207
187
110,178,188
91
110,178,190
191
192
193,208
194
195
121,161,196
197
60
199
200
201,202
203
204
206
205
193
186
209
210
211
212
213
211
172,116,214
215
80